BUS0008|20120708|3500|7
CENRER001|9001001|C0001|1|18912345678|500|20120708|100932|35350082354|000000
CENRER002|9002001|C0002|1|18912345671|501|20120708|030832|53366433253|000000
CENRER003|9003001|C0003|1|18912347678|499|20120708|131932|23135353413|000000
CENRER004|9004001|C0004|1|18912345672|502|20120708|153232|25897853362|AA0010
CENRER005|9005001|C0005|1|18912345673|498|20120708|144532|25449380666|000000
CENRER006|9006001|C0006|1|18912345674|500|20120708|131232|35379236474|000000
CENRER007|9007001|C0007|1|18912345675|500|20120708|110732|25366574251|AA0011




